4
0 10 15 20
10 0 35 25
15 35 0 30
20 25 30 0

5
0 12 10 19 8
12 0 21 15 14
10 21 0 16 18
19 15 16 0 11
8 14 18 11 0

6
0 14 9 20 7 12
14 0 23 17 13 10
9 23 0 22 25 19
20 17 22 0 16 14
7 13 25 16 0 18
12 10 19 14 18 0

7
0 19 25 16 20 22 18
19 0 24 14 17 21 15
25 24 0 12 18 20 16
16 14 12 0 22 26 19
20 17 18 22 0 27 23
22 21 20 26 27 0 25
18 15 16 19 23 25 0

8
0 22 30 18 25 29 21 24
22 0 27 16 20 28 23 19
30 27 0 14 26 32 29 17
18 16 14 0 24 31 22 15
25 20 26 24 0 35 30 27
29 28 32 31 35 0 33 25
21 23 29 22 30 33 0 26
24 19 17 15 27 25 26 0

9
0 21 24 29 20 25 30 28 22
21 0 26 32 19 27 23 29 24
24 26 0 28 25 30 31 27 21
29 32 28 0 23 22 26 25 31
20 19 25 23 0 28 29 21 26
25 27 30 22 28 0 24 31 20
30 23 31 26 29 24 0 27 25
28 29 27 25 21 31 27 0 32
22 24 21 31 26 20 25 32 0

10
0 30 28 26 24 32 34 33 31 29
30 0 25 27 29 33 30 28 26 35
28 25 0 31 26 29 32 34 30 33
26 27 31 0 28 30 33 29 25 32
24 29 26 28 0 34 30 27 33 31
32 33 29 30 34 0 28 25 31 26
34 30 32 33 30 28 0 27 29 35
33 28 34 29 27 25 27 0 32 31
31 26 30 25 33 31 29 32 0 28
29 35 33 32 31 26 35 31 28 0
